0.4076720647655546 -0.019688571522059994 0.0
0.37184103142404645 -0.01762021969413205 0.0
0.4077359862107678 -0.019692536841417918 0.0
nan nan nan
nan nan nan
0.2946429747232179 -0.01292903515640284 0.0
0.37184103142404645 -0.01762021969413205 0.0
nan nan nan
0.37072137285936857 -0.018323242498739456 0.0
nan nan nan
0.39568715025905976 -0.019823082996495933 0.0
0.22376181390444513 -0.008638861708021806 0.0
0.4076720647655546 -0.019688571522059994 0.0
nan nan nan
0.3041166073677687 -0.014291438275145368 0.0
nan nan nan
0.4077359862107678 -0.019692536841417918 0.0
nan nan nan
0.3617330643481279 -0.017006545164693687 0.0
nan nan nan
nan nan nan
0.2946429747232179 -0.01292903515640284 0.0
nan nan nan
0.3096335215508461 -0.014595550269133922 0.0
nan nan nan
0.3525868625942913 -0.016497411331244133 0.0
0.286907603480015 -0.01334155338106155 0.0
0.23579967159856366 -0.008457231400572696 0.0
0.3681173238408476 -0.018017138722619508 0.0
0.39762007578901226 -0.01911934414156488 0.0
0.22376181390444513 -0.00863886170802175 0.0
nan nan nan
0.3617330643481279 -0.017006545164693687 0.0
0.37072137285936857 -0.018323242498739456 0.0
nan nan nan
0.30387740353954673 -0.014276792313586917 0.0
0.30387740353954673 -0.014276792313586917 0.0
0.3525868625942913 -0.016497411331244133 0.0
nan nan nan
nan nan nan
nan nan nan
nan nan nan
0.39762007578901226 -0.01911934414156488 0.0
0.3789190266760982 -0.018040515194838624 0.0
nan nan nan
0.39568715025905976 -0.019823082996495933 0.0
nan nan nan
nan nan nan
0.3681173238408476 -0.018017138722619508 0.0
nan nan nan
0.18952656713659413 -0.0065378952077538854 0.0
nan nan nan
nan nan nan
0.3041166073677686 -0.014291438275145368 0.0
0.23579967159856371 -0.008457231400572696 0.0
nan nan nan
0.3096335215508461 -0.014595550269133922 0.0
nan nan nan
nan nan nan
0.18952656713659413 -0.0065378952077538854 0.0
nan nan nan
0.286907603480015 -0.01334155338106155 0.0
nan nan nan
nan nan nan
0.3789190266760982 -0.018040515194838624 0.0
nan nan nan
nan nan nan
nan nan nan
nan nan nan
nan nan nan
nan nan nan
nan nan nan
nan nan nan
nan nan nan
0.17785942376742456 -0.0009720701032531198 0.0800000000000003
nan nan nan
0.30213648918314506 -0.00478928448983959 0.07999999999999963
0.19150102074462552 -0.004800153766078674 0.08000000000000007
nan nan nan
nan nan nan
0.30213648918314506 -0.00478928448983959 0.07999999999999963
nan nan nan
nan nan nan
nan nan nan
0.32096100778242154 -0.00923038109996921 0.07999999999999963
nan nan nan
0.2937780010620965 -0.004587677329145029 0.08000000000000007
nan nan nan
0.20347016066705167 -0.0021245458482637147 0.0800000000000003
0.26228513977912427 -0.0038561225621401296 0.07999999999999985
0.19775813599411426 -0.001887383867489878 0.07999999999999985
0.20347016066705167 -0.0021245458482637147 0.08000000000000007
0.32096100778242154 -0.009230381099969182 0.08000000000000007
nan nan nan
nan nan nan
0.22437694640810305 -0.002498146539169105 0.08000000000000007
0.2622851397791244 -0.0038561225621401296 0.07999999999999985
0.29247745652314183 -0.004526318928389339 0.08000000000000052
0.25367426114442604 -0.0036603581546576225 0.08000000000000007
0.19775813599411426 -0.0018873838674898502 0.08000000000000007
0.19537888226513347 -0.005497058718849673 0.07999999999999963
0.2937780010620965 -0.004587677329145029 0.08000000000000007
0.19150102074462536 -0.004800153766078674 0.07999999999999963
0.19537888226513347 -0.005497058718849673 0.07999999999999963
0.21472218984899052 -0.0064652195890956 0.07999999999999985
0.1778594237674246 -0.0009720701032531198 0.08000000000000052
0.25367426114442604 -0.0036603581546576502 0.08000000000000052
0.22437694640810305 -0.002498146539169105 0.08000000000000052
0.21472218984899052 -0.0064652195890956 0.07999999999999985
0.3024667453221527 -0.00914906034951507 0.08000000000000007
0.24672796078987305 -0.007514817233637644 0.08000000000000052
0.2624325172874119 -0.008005542665532939 0.07999999999999985
0.24625821879518064 -0.007253448480738278 0.07999999999999963
0.29247745652314183 -0.004526318928389339 0.08000000000000096
0.24672796078987305 -0.007514817233637644 0.08000000000000052
0.24625821879518064 -0.007253448480738278 0.08000000000000007
0.2624325172874119 -0.008005542665532939 0.08000000000000096
0.20692616103525693 -0.0047131201549373974 -0.120000000000001
0.3024667453221527 -0.00914906034951507 0.08000000000000007
0.18679481752557295 -0.004570858930441596 -0.120000000000001
0.18665750777578152 -0.004566899837310734 -0.11999999999999877
0.18061579148279774 -0.004543024262761375 -0.120000000000001
0.30671611510373575 -0.007899054700786778 -8.881784197001252e-16
0.18061579148279774 -0.004543024262761375 -0.12000000000000277
0.28581032203600654 -0.007465027604453611 -2.220446049250313e-16
0.18474924712924232 -0.004556186792083056 -0.12000000000000055
0.26025855313461077 -0.007030964388631683 0.0
0.265631188016612 -0.007135455327355877 4.440892098500626e-16
0.26025855313461077 -0.007030964388631655 0.0
0.18474924712924243 -0.0045561867920830695 -0.120000000000001
0.20692616103525688 -0.0047131201549373836 -0.12000000000000233
0.21764453370320938 -0.000674551401058765 0.02999999999999936
0.30671611510373575 -0.007899054700786778 -1.1102230246251565e-15
0.3144315889485134 -0.007997213706553291 1.3322676295501878e-15
0.15635775754040512 -0.0043723587064248 -0.12000000000000233
0.1977723982568975 -0.004811396300658355 -8.881784197001252e-16
0.21764453370320938 -0.000674551401058765 0.029999999999998916
0.21758599946078058 -0.0006733692164459515 0.029999999999999805
0.17037009392752553 -0.004464938878036465 -0.11999999999999922
0.265631188016612 -0.007135455327355877 0.0
0.3144315889485134 -0.007997213706553263 1.3322676295501878e-15
0.21766445893946998 -0.0006749751218911304 0.029999999999998916
0.3471431993702424 -0.004688441199219295 0.03000000000000158
0.21766445893946992 -0.0006749751218911304 0.02999999999999936
0.15117088957771121 -0.004324698504975799 -0.12000000000000233
0.1528353895471211 -0.004356719388330002 -0.120000000000001
0.15283538954712103 -0.004356719388330002 -0.120000000000001
0.22153273311959312 -0.00607394992005314 4.440892098500626e-16
0.24157087822665516 -0.006741912779235443 -8.881784197001252e-16
0.36801893575158595 -0.007079448106671604 -0.1200000000000001
0.18665750777578152 -0.004566899837310734 -0.11999999999999877
0.33698473128233997 -0.004506981231605395 0.029999999999999805
0.19777239825689738 -0.004811396300658355 -8.881784197001252e-16
0.314193782102525 -0.007988513042689882 0.0
0.15117088957771133 -0.004324698504975799 -0.12000000000000233
0.1867948175255729 -0.004570858930441596 -0.1200000000000001
0.36801893575158595 -0.007079448106671632 -0.11999999999999922
0.2176202675572915 -0.0006740534457687214 0.029999999999997584
0.24318307485500554 -0.003406448954638014 0.030000000000000693
0.367624691739842 -0.007067922564251733 -0.1200000000000001
0.21765460404453926 -0.0006747630426410661 0.02999999999999936
0.2176202675572915 -0.0006740534457687214 0.029999999999998916
0.17037009392752547 -0.004464938878036423 -0.11999999999999922
0.21758599946078053 -0.0006733692164459515 0.029999999999999805
0.19090561782281615 -0.004488784708295612 -0.1200000000000001
0.24318307485500554 -0.003406448954637986 0.029999999999999805
0.2990911009056644 -0.004246623812260458 0.029999999999999805
0.2795751506024987 -0.006129986080921773 -0.11999999999999877
0.22153273311959312 -0.00607394992005314 -6.661338147750939e-16
0.24326397016145437 -0.0034101072736777704 0.030000000000000693
0.367624691739842 -0.007067922564251733 -0.1200000000000001
0.28581032203600654 -0.007465027604453639 0.0
0.21765460404453926 -0.0006747630426410661 0.030000000000001137
0.21143755140246764 -0.005455142700903748 -0.12000000000000055
0.36781196891329315 -0.007073396970542767 -0.1200000000000001
0.1563577575404053 -0.0043723587064248 -0.12000000000000188
0.24157087822665516 -0.006741912779235443 -6.661338147750939e-16
0.33698473128233997 -0.0045069812316054225 0.02999999999999936
0.314193782102525 -0.007988513042689882 -6.661338147750939e-16
0.2114375514024676 -0.005455142700903748 -0.120000000000001
0.20108386861579738 -0.004923860435988192 -0.120000000000001
0.29945956942910157 -0.006060895193397975 -0.1200000000000001
0.3471431993702424 -0.004688441199219295 0.029999999999999805
0.29945956942910146 -0.006060895193397975 -0.1200000000000001
0.3084258762434926 -0.006279626907307073 -0.12000000000000055
0.36781196891329315 -0.007073396970542767 -0.11999999999999922
0.19090561782281615 -0.0044887847082955845 -0.1200000000000001
0.2688098124436197 -0.004018969789969434 0.029999999999998916
0.34230102749191904 -0.004724762514291214 0.03000000000000158
0.2991416255863578 -0.0042492372680838775 0.029999999999998916
0.3084258762434926 -0.006279626907307073 -0.12000000000000055
0.2795751506024987 -0.006129986080921718 -0.1200000000000001
0.23078526254182072 -0.0027311297563589743 0.029999999999999805
0.29909110090566426 -0.004246623812260458 0.029999999999999805
0.34230102749191893 -0.004724762514291214 0.03000000000000158
0.2432639701614542 -0.0034101072736777704 0.030000000000000693
0.20108386861579738 -0.004923860435988192 -0.12000000000000055
0.23078526254182077 -0.0027311297563589743 0.029999999999999805
0.2688098124436197 -0.004018969789969434 0.029999999999998916
0.2991416255863578 -0.0042492372680838775 0.029999999999999805
